geo_0.jpg -0.35614051327532414 0.03547288039876678 1.5348787263359533
geo_1.jpg -0.3503518509388997 0.0365037352905243 1.5617147312847035
geo_2.jpg -0.3574787098304956 0.03198061921192163 1.5383597547981844
geo_3.jpg -0.17090569570272168 -0.296753888644071 1.4635565799090076
geo_4.jpg -0.9088304123488921 -0.034769294586833845 1.4110367163737432
geo_5.jpg 0.21933336115187027 0.06658962912360707 1.1487856965652032
geo_6.jpg -2.380339893754442 0.2471724336607354 1.2931039649953662
geo_7.jpg -0.9931698995095359 0.8815792975724107 1.489611956898227
geo_8.jpg -1.3460510219269521 0.971130513144381 1.3012332171849887
geo_9.jpg -0.7414619719438013 0.9475976064144036 1.4061954780497543
geo_10.jpg -1.3030163913911523 -0.05938958348938561 1.2190351788164622
geo_11.jpg -0.578735672014877 -0.04516118482197215 1.5857366540227358
geo_12.jpg 0.4506511834192338 0.028763062481421256 1.4478336744598739
geo_13.jpg -0.593527224191936 0.06047025307831081 1.6819506551018697
geo_14.jpg 0.6096515328854543 0.881426269612523 1.1727077570395026
geo_15.jpg 0.03393440576789457 0.46245235047634264 1.505981987581367
geo_16.jpg -1.201089534051845 0.11423645952645256 1.4335900935986376
geo_17.jpg -1.1326599790796181 -0.1204318543659331 1.4561768240546291
geo_18.jpg -1.0616438486622397 0.2284362260956815 1.5279156478876073
geo_19.jpg -0.6898696272392848 -0.2131606980597277 1.4011229800574987
geo_20.jpg 0.01582005861771143 0.24866959610943973 1.4180942537276662
geo_21.jpg -0.7117601531840213 0.06562689599160548 1.4728935049502025
geo_22.jpg -0.6583725262460707 0.44250437720441865 0.8059090133783591
geo_23.jpg -0.0894728937294784 0.018738907534329836 1.5597286214319501
geo_24.jpg 0.3535550154924786 -0.5944798032201194 1.2206542388522441
