geo_0.jpg -3.0811916408087128 2.143785600945426 2.035484279353679
geo_1.jpg -3.2817702447176105 2.196959982297018 2.231598487355941
geo_2.jpg -1.617527480178466 1.1840583049140982 2.0836948096583874
geo_3.jpg -1.401366516974519 1.388744229361367 2.7588395277674898
geo_4.jpg -0.9942859861439356 1.187844085503549 1.945301540981529
geo_5.jpg -0.5122360884288599 1.415984134497257 1.950802023428855
geo_6.jpg -0.3859577873923122 1.1673570859467208 1.8807031379977004
geo_7.jpg -2.409379197479082 2.190517596476895 2.1224775425761613
geo_8.jpg -2.6463437058617365 2.18907524052135 1.626743572096475
geo_9.jpg -2.9148041351487834 2.5223131426944567 1.810114335516904
geo_10.jpg -3.760561794084305 2.8415634717619564 1.9333432480073314
geo_11.jpg -4.097980032937493 1.6023579663763776 2.1356227111651815
geo_12.jpg -3.667089277636462 2.3954121532730457 1.8230403105553492
geo_13.jpg -2.4402952384737566 0.9364283426193143 2.1704536412756292
geo_14.jpg -1.1104472363311098 3.084470703971556 1.8679432894052423
geo_15.jpg -1.0761632610740939 2.9876441243381002 1.7709316149738403
geo_16.jpg -4.319165416451732 2.80549087410176 1.6830355586584402
geo_17.jpg 0.98963527035133 2.9290419874976665 1.578275344138033
geo_18.jpg 0.36191101094598765 2.113091815134983 1.5420766116750806
geo_19.jpg -0.24338910939710026 2.1158896883283935 1.764721885982264
geo_20.jpg 0.4737709939134533 2.5769583431682834 1.6792726318111635
geo_21.jpg -0.5172078174628578 1.622369703707909 2.0727327393586172
geo_22.jpg 0.7194596951367556 2.219378775547342 1.151458876921629
geo_23.jpg -1.692604381110219 2.7060661817357716 0.6788615512023141
geo_24.jpg 0.10904155760438217 0.7723693214336155 1.583329900735324
geo_25.jpg -2.5714844185315378 2.0382251710287784 1.5556417184540383
geo_26.jpg -0.8051872121552683 0.5656307053835942 0.9259414071524528
geo_27.jpg -3.5222775779398967 2.1547282695322596 0.9354624028759331
geo_28.jpg -3.5896922685402295 1.9303140444362876 0.8115822109806673
geo_29.jpg -1.596855171562917 0.11050996107162542 1.4239228336697933
geo_30.jpg -3.264489863778152 2.481884375512308 1.6521577090879345
geo_31.jpg -5.281194416283095 2.143622230058293 1.6491525058507281
geo_32.jpg -5.314591044120603 2.409035304955561 1.3044111419813444
geo_33.jpg -5.0868070443334235 3.2452440689664126 1.5684142098168659
geo_34.jpg -4.696499009805246 2.700174847627751 1.6839770308239776
