geo_0.jpg 2.9186011017047484 -0.7175896802660541 1.2114102255327797
geo_1.jpg 2.801530212497437 -0.21557648662773618 1.6257042150225318
geo_2.jpg 1.6762591016959545 0.8844554861984445 1.6361282457282382
geo_3.jpg 2.8486566208788826 -1.425508980695012 1.468511953339985
geo_4.jpg 2.5972289018897206 -0.6722228375165371 1.6564878872563897
geo_5.jpg 3.5817862371713463 -1.8720654196330428 1.7615311849724815
geo_6.jpg 1.8547534712987541 0.799735480126011 1.6678555872841219
geo_7.jpg 2.7924659281898077 0.8577597114161922 1.530688238848196
geo_8.jpg 4.014343868880254 -0.24520673411280455 1.6762280018461917
geo_9.jpg 3.529465423702787 -0.36388044503241507 1.7158660651189996
geo_10.jpg 3.5038205657339208 -1.2701031106123033 1.6902304748222785
geo_11.jpg 3.7987429034719886 -2.090277484448612 1.6339904071782312
geo_12.jpg 3.3480324486151485 -1.4954273043531965 1.6734699480428419
geo_13.jpg 3.4531985962662044 -1.297361988307856 1.628037821984342
geo_14.jpg 3.7598985405045307 -1.8851559416030652 1.7378422676885419
geo_15.jpg 3.7133688104374625 -0.2559414832309896 1.4204732980186179
geo_16.jpg 1.669927584423423 0.8635706266865382 1.6455103113822658
geo_17.jpg 2.6040498683207316 0.6359746840979493 1.624624176022034
geo_18.jpg 3.694352674693964 -0.08087931167948742 1.686647635258147
geo_19.jpg 3.92789515986014 -2.2464456188886652 1.3276566869298911
geo_20.jpg 2.222805048622202 -0.22639661479816828 1.1375418801650996
geo_21.jpg 3.8856153889850558 1.0013709861064322 1.243158088085839
geo_22.jpg 1.5840595986962192 -0.36029601101938225 1.8100669438680685
geo_23.jpg 1.6500773141089469 -0.501982115012665 1.1973298032499073
geo_24.jpg 5.102660140038175 -0.3625985576973113 1.1822775188035677
geo_25.jpg 2.4530920526405757 0.2660062392390296 1.2257908452143593
geo_26.jpg 3.2514345036110126 0.5610340795034146 1.3600225479142307
geo_27.jpg 3.644153583936369 0.3322970300486859 0.36915808863862043
