geo_0.jpg -2.5585734113736596 2.2732327246579147 1.6152316959915736
geo_1.jpg -2.6033588664246556 2.580029755676015 1.5669129303389389
geo_2.jpg -2.6760975357205843 2.6546928412796826 1.5757382462682217
geo_3.jpg -2.2890036585925624 2.5949304089069485 1.6036437468132652
geo_4.jpg -1.3179578108223369 2.2860841891225663 1.5708362247702363
geo_5.jpg -2.6358101416431805 2.144204262711441 1.3590033635420786
geo_6.jpg -2.137655988956301 2.073644413149793 1.3082448491783214
geo_7.jpg -4.206414292852251 2.0954683821534803 1.5877789733192056
geo_8.jpg -3.9747408756955136 1.548025212823709 1.866048044890345
geo_9.jpg -8.186668485820354 1.2799569218851736 1.64818650726045
geo_10.jpg -8.200428734586218 1.8754382149792255 1.7237989905978996
geo_11.jpg -9.277457150421066 1.3155204892567398 2.167086921072479
geo_12.jpg -9.002721283973376 -0.11977236208957175 2.1499669868490634
geo_13.jpg -5.375149320614821 3.0173979523455587 1.1332462275919435
geo_14.jpg -5.1827801969456555 0.6860568028925699 1.503458732557514
geo_15.jpg -4.9799401430234544 -0.059488734772961405 1.669257697679363
geo_16.jpg -5.281670409446135 1.5153471671694616 1.4290798772557007
geo_17.jpg -5.108861222310871 1.4684602881601236 2.3231139258606057
geo_18.jpg -7.167656416576832 2.3163903619982733 1.5374575720480381
geo_19.jpg -7.870781342976744 1.6675858035130984 1.110680619688531
geo_20.jpg -7.275765154083671 0.6306301122761829 2.3717906763512517
geo_21.jpg -4.937301356872734 0.9114824390936271 1.2980527092858032
geo_22.jpg -2.2423755294079566 2.8607309403981303 1.6120038888795956
geo_23.jpg -7.129824948396303 0.8699385022193936 1.4170161221695257
geo_24.jpg -7.049323712052071 0.40571478316872367 3.514484826683832
geo_25.jpg -5.478274279784344 1.7903942208144028 1.4902883570868046
geo_26.jpg -5.823126769164477 0.7035844099575642 1.8230110634321561
geo_27.jpg -4.676018491564926 1.9334271527252547 2.1697755186374033
geo_28.jpg -5.0397546887228835 0.3950432034139935 1.4549592039879675
geo_29.jpg -6.781500938021833 1.8804402495449655 1.680885036655456
